1 4052,18 4999,50 5403,35 5624,58 5763,65 5858,99 5928,36 5981,07 6022,47 6055,85
2 98,5025 99,0000 99,1662 99,2494 99,2993 99,3326 99,3564 99,3742 99,3881 99,3992
3 34,1162 30,8165 29,4567 28,7099 28,2371 27,9107 27,6717 27,4892 27,3452 27,2287
4 21,1977 18,0000 16,6944 15,9770 15,5219 15,2069 14,9758 14,7989 14,6591 14,5459
5 16,2582 13,2739 12,0600 11,3919 10,9670 10,6723 10,4555 10,2893 10,1578 10,0510
6 13,7450 10,9248 9,7795 9,1483 8,7459 8,4661 8,2600 8,1017 7,9761 7,8741
7 12,2464 9,5466 8,4513 7,8466 7,4604 7,1914 6,9928 6,8400 6,7188 6,6201
8 11,2586 8,6491 7,5910 7,0061 6,6318 6,3707 6,1776 6,0289 5,9106 5,8143
9 10,5614 8,0215 6,9919 6,4221 6,0569 5,8018 5,6129 5,4671 5,3511 5,2565
10 10,0443 7,5594 6,5523 5,9943 5,6363 5,3858 5,2001 5,0567 4,9424 4,8491
11 9,6460 7,2057 6,2167 5,6683 5,3160 5,0692 4,8861 4,7445 4,6315 4,5393
12 9,3302 6,9266 5,9525 5,4120 5,0643 4,8206 4,6395 4,4994 4,3875 4,2961
13 9,0738 6,7010 5,7394 5,2053 4,8616 4,6204 4,4410 4,3021 4,1911 4,1003
14 8,8616 6,5149 5,5639 5,0354 4,6950 4,4558 4,2779 4,1399 4,0297 3,9394
15 8,6831 6,3589 5,4170 4,8932 4,5556 4,3183 4,1415 4,0045 3,8948 3,8049
16 8,5310 6,2262 5,2922 4,7726 4,4374 4,2016 4,0259 3,8896 3,7804 3,6909
17 8,3997 6,1121 5,1850 4,6690 4,3359 4,1015 3,9267 3,7910 3,6822 3,5931
18 8,2854 6,0129 5,0919 4,5790 4,2479 4,0146 3,8406 3,7054 3,5971 3,5082
19 8,1849 5,9259 5,0103 4,5003 4,1708 3,9386 3,7653 3,6305 3,5225 3,4338
20 8,0960 5,8489 4,9382 4,4307 4,1027 3,8714 3,6987 3,5644 3,4567 3,3682
21 8,0166 5,7804 4,8740 4,3688 4,0421 3,8117 3,6396 3,5056 3,3981 3,3098
22 7,9454 5,7190 4,8166 4,3134 3,9880 3,7583 3,5867 3,4530 3,3458 3,2576
23 7,8811 5,6637 4,7649 4,2636 3,9392 3,7102 3,5390 3,4057 3,2986 3,2106
24 7,8229 5,6136 4,7181 4,2184 3,8951 3,6667 3,4959 3,3629 3,2560 3,1681
25 7,7698 5,5680 4,6755 4,1774 3,8550 3,6272 3,4568 3,3239 3,2172 3,1294
26 7,7213 5,5263 4,6366 4,1400 3,8183 3,5911 3,4210 3,2884 3,1818 3,0941
27 7,6767 5,4881 4,6009 4,1056 3,7848 3,5580 3,3882 3,2558 3,1494 3,0618
28 7,6356 5,4529 4,5681 4,0740 3,7539 3,5276 3,3581 3,2259 3,1195 3,0320
29 7,5977 5,4204 4,5378 4,0449 3,7254 3,4995 3,3303 3,1982 3,0920 3,0045
30 7,5625 5,3903 4,5097 4,0179 3,6990 3,4735 3,3045 3,1726 3,0665 2,9791
31 7,5298 5,3624 4,4837 3,9928 3,6745 3,4493 3,2806 3,1489 3,0428 2,9555
32 7,4993 5,3363 4,4594 3,9695 3,6517 3,4269 3,2583 3,1267 3,0208 2,9335
33 7,4708 5,3120 4,4368 3,9477 3,6305 3,4059 3,2376 3,1061 3,0003 2,9130
34 7,4441 5,2893 4,4156 3,9273 3,6106 3,3863 3,2182 3,0868 2,9810 2,8938
35 7,4191 5,2679 4,3957 3,9082 3,5919 3,3679 3,2000 3,0687 2,9630 2,8758
40 7,3141 5,1785 4,3126 3,8283 3,5138 3,2910 3,1238 2,9930 2,8876 2,8005
45 7,2339 5,1103 4,2492 3,7674 3,4544 3,2325 3,0658 2,9353 2,8301 2,7432
50 7,1706 5,0566 4,1993 3,7195 3,4077 3,1864 3,0202 2,8900 2,7850 2,6981
60 7,0771 4,9774 4,1259 3,6490 3,3389 3,1187 2,9530 2,8233 2,7185 2,6318
70 7,0114 4,9219 4,0744 3,5996 3,2907 3,0712 2,9060 2,7765 2,6719 2,5852
80 6,9627 4,8807 4,0363 3,5631 3,2550 3,0361 2,8713 2,7420 2,6374 2,5508
90 6,9251 4,8491 4,0070 3,5350 3,2276 3,0091 2,8445 2,7154 2,6109 2,5243
100 6,8953 4,8239 3,9837 3,5127 3,2059 2,9877 2,8233 2,6943 2,5898 2,5033
110 6,8710 4,8035 3,9648 3,4946 3,1882 2,9703 2,8061 2,6771 2,5727 2,4862
120 6,8509 4,7865 3,9491 3,4795 3,1735 2,9559 2,7918 2,6629 2,5586 2,4721
130 6,8339 4,7722 3,9359 3,4669 3,1612 2,9437 2,7797 2,6509 2,5466 2,4602
140 6,8194 4,7600 3,9246 3,4561 3,1507 2,9333 2,7695 2,6407 2,5365 2,4500
150 6,8069 4,7495 3,9149 3,4467 3,1416 2,9244 2,7606 2,6319 2,5277 2,4412
160 6,7960 4,7403 3,9064 3,4386 3,1336 2,9166 2,7528 2,6242 2,5200 2,4335
170 6,7863 4,7322 3,8989 3,4314 3,1267 2,9097 2,7460 2,6174 2,5132 2,4268
